1 1 0
2 1 0
3 1 0
4 1 0
5 1 0
6 1 0
7 1 0
8 1 0
9 1 0
10 1 0
11 1 0
12 1 0
13 1 0
14 1 0
15 1 0
16 1 0
17 1 0
18 1 0
19 1 0
20 1 0
21 1 0
22 1 0
23 1 0
24 1 0
25 1 0
26 1 0
27 1 0
28 3 0
29 3 0
30 3 0
31 3 0
32 3 0
33 1 0
34 1 0
35 1 0
36 1 0
37 2 0
38 2 0
39 2 0
40 2 0
41 2 0
42 2 0
43 2 0
44 2 0
45 2 0
46 1 0
47 1 0
48 1 0
49 1 0
50 1 0
51 1 0
52 1 0
53 3 0
54 3 0
55 3 0
56 3 0
57 3 0
58 2 0
59 2 2
60 2 2
61 2 0
62 2 0
63 2 0
64 2 0
65 2 0
66 2 0
67 2 0
68 2 0
69 2 0
70 2 0
71 2 0
72 2 0
73 2 0
74 2 0
75 2 0
76 2 0
77 2 0
78 2 0
79 2 0
80 2 0
81 2 0
82 2 0
83 2 0
84 2 0
85 2 0
86 2 0
87 2 0
88 2 0
89 2 0
90 2 0
91 2 0
92 2 0
93 2 0
94 2 0
95 2 0
96 2 0
97 2 0
98 2 0
99 2 0
100 2 0
101 2 0
102 2 0
103 2 0
104 2 0
105 2 0
106 2 0
107 2 0
108 2 0
109 2 0
110 2 0
111 2 0
112 2 0
113 2 0
114 2 0
115 2 0
116 2 0
117 2 0
118 2 0
119 2 0
120 2 0
121 3 0
122 3 3
123 3 3
124 3 3
125 3 0
126 3 0
127 3 3
128 3 3
129 3 0
130 3 0
131 3 0
132 3 0
133 3 0
134 3 0
135 3 0
136 3 0
137 3 0
138 3 3
139 3 0
140 3 0
141 3 0
142 3 0
143 3 0
144 3 0
145 3 0
146 3 0
147 3 0
148 3 0
149 3 0
150 3 0
151 3 0
152 3 0
153 3 0
154 3 0
155 3 0
156 3 0
157 3 0
158 3 0
159 3 0
160 3 0
161 3 0
162 3 0
163 3 0
164 3 0
165 3 0
166 3 0
167 3 0
168 3 0
169 3 0
170 3 0
171 4 0
172 4 0
173 4 0
174 4 0
175 4 4
176 4 4
177 4 4
178 4 0
179 4 4
180 4 0
181 4 4
182 4 0
183 4 0
184 4 4
185 4 4
186 4 4
187 4 4
188 4 4
189 4 4
190 4 4
191 4 4
192 4 4
193 4 4
194 4 4
195 4 0
196 4 0
197 4 0
198 4 4
199 4 4
200 4 4
201 4 4
202 4 4
203 4 4
204 4 0
205 6 0
206 6 0
207 6 0
208 6 0
209 6 0
210 6 0
211 6 0
212 6 0
213 6 0
214 6 0
215 6 0
216 6 0
217 6 0
218 6 0
219 6 0
220 6 0
221 6 0
222 6 0
223 6 0
224 6 0
225 6 0
226 6 0
227 6 0
228 6 0
229 6 0
230 6 0
231 6 0
232 6 0
233 6 0
234 6 0
235 6 0
236 6 0
237 6 0
238 6 0
239 6 0
240 6 0
241 6 0
242 6 0
243 6 0
244 6 0
245 6 0
246 6 0
247 6 0
248 6 0
249 6 0
250 6 6
251 6 0
252 6 0
253 6 0
254 6 0
255 6 0
256 6 0
257 6 6
258 6 6
259 6 6
260 6 6
261 6 6
262 6 6
263 6 6
264 6 0
265 6 0
266 6 0
267 6 0
268 6 0
269 6 0
270 6 0
271 6 0
272 6 0
273 6 0
274 6 0
275 6 0
276 6 0
277 6 0
278 6 0
279 6 0
280 6 0
281 6 0
282 6 0
283 6 0
284 6 0
285 6 0
286 6 0
287 6 0
288 6 0
289 6 0
290 6 0
291 6 0
292 6 0
293 6 0
294 6 0
295 6 0
296 6 0
297 6 0
298 6 0
299 6 0
300 6 0
301 6 0
302 6 0
303 5 0
304 5 0
305 5 0
306 5 0
307 5 0
308 5 0
309 5 0
310 5 0
311 5 0
312 5 0
313 5 0
314 5 0
315 5 5
316 5 5
317 5 0
318 5 5
319 5 5
320 5 5
321 5 0
322 5 5
323 5 0
324 5 0
325 5 0
326 5 0
327 5 0
328 5 0
329 5 0
330 5 0
331 5 0
332 5 0
333 5 0
334 5 0
335 5 0
336 5 0
337 5 0
338 5 0
339 5 0
340 5 0
341 5 5
342 5 5
343 5 5
344 5 5
345 5 5
346 5 5
347 5 5
348 5 0
349 5 0
350 5 0
351 5 0
352 6 0
353 6 0
354 5 0
355 5 0
356 5 0
357 5 0
358 5 0
359 5 0
360 5 0
361 5 0
362 5 0
363 5 0
364 5 0
365 5 0
366 5 0
367 5 0
368 5 0
369 5 5
370 5 0
371 5 0
372 5 0
373 5 0
374 6 0
375 6 0
376 6 0
377 6 0
378 6 0
379 6 0
380 6 0
381 6 6
382 6 6
383 6 6
384 6 6
385 6 0
386 6 0
387 6 0
388 6 0
389 6 0
390 6 0
391 6 0
392 5 0
393 5 0
394 6 0
395 5 0
396 5 0
397 5 0
398 5 0
399 5 0
400 5 0
401 5 0
402 5 0
403 5 0
404 5 0
405 5 0
406 5 0
407 5 0
408 5 0
409 5 0
410 5 0
411 7 0
412 7 0
413 6 0
414 6 0
415 6 0
416 6 0
417 6 0
418 6 0
419 6 0
420 6 0
421 6 0
422 6 0
423 6 0
424 6 0
425 6 0
426 6 0
427 7 0
428 7 0
429 7 0
430 6 0
431 7 0
432 7 0
433 7 0
434 7 0
435 7 0
436 7 0
437 7 0
438 7 0
439 7 0
440 7 0
441 7 0
442 7 0
443 7 0
444 7 0
445 7 0
446 7 0
447 7 7
448 7 7
449 7 0
450 7 0
451 7 0
452 7 0
453 5 0
454 5 0
455 5 0
456 5 0
457 5 0
458 7 0
459 7 0
460 7 0
461 7 0
462 7 0
463 7 0
464 7 0
465 7 0
466 7 0
467 7 0
468 7 0
469 7 0
470 7 0
471 5 0
472 5 0
473 5 0
474 5 0
475 5 0
476 5 0
477 5 0
478 8 0
479 8 0
480 8 0
481 8 0
482 8 0
483 8 0
484 8 0
485 10 0
486 10 0
487 10 0
488 10 0
489 10 0
490 8 0
491 8 0
492 8 0
493 8 0
494 8 0
495 8 0
496 8 0
497 8 0
498 8 0
499 8 0
500 9 0
501 9 0
502 9 0
503 8 0
504 8 0
505 9 0
506 9 0
507 9 0
508 9 0
509 8 0
510 8 0
511 8 0
512 10 0
513 10 0
514 10 0
515 10 0
516 10 0
517 10 0
518 10 0
519 10 0
520 10 0
521 10 0
522 10 0
523 10 0
524 10 0
525 10 0
526 9 0
527 9 0
528 9 0
529 9 0
530 9 0
531 9 0
532 9 0
533 9 0
534 9 0
535 10 0
536 10 0
537 10 0
538 9 9
539 10 0
540 10 0
541 10 0
542 10 0
543 10 0
544 10 10
545 10 10
546 10 10
547 10 0
548 10 0
549 10 0
550 10 0
551 10 0
552 10 0
553 10 10
554 10 10
555 10 10
556 10 10
557 10 10
558 10 0
559 10 0
560 10 0
561 10 0
562 10 0
563 10 0
564 10 10
565 10 0
566 10 0
567 10 0
568 10 0
569 10 0
570 10 0
571 10 0
572 10 0
573 10 0
574 10 0
575 10 0
576 10 0
577 10 0
578 10 0
579 10 0
580 10 0
581 11 0
582 11 0
583 11 11
584 11 11
585 11 11
586 11 11
587 11 11
588 11 11
589 11 11
590 11 11
591 11 11
592 11 11
593 11 11
594 11 11
595 11 11
596 11 11
597 11 0
598 11 11
599 11 11
600 11 11
601 11 11
602 11 11
603 11 11
604 11 11
605 11 11
606 11 11
607 11 11
608 11 11
609 11 11
610 11 11
611 11 11
612 11 11
613 11 11
614 11 11
615 11 11
616 11 11
617 11 11
618 11 11
619 11 11
620 11 11
621 11 11
622 11 11
623 11 11
624 11 11
625 11 11
626 11 11
627 11 11
628 11 11
629 11 11
630 11 0
631 11 0
632 11 11
633 11 11
634 11 11
635 11 11
636 11 11
637 11 11
638 11 11
639 11 11
640 11 11
641 11 11
642 11 11
643 11 11
644 11 11
645 11 11
646 11 11
647 11 11
648 11 11
649 11 11
650 11 11
651 11 0
652 11 11
653 11 11
654 11 11
655 11 11
656 11 11
657 11 11
658 11 11
659 11 11
660 11 0
661 11 11
662 11 11
663 11 11
664 11 0
665 11 11
666 11 11
667 11 11
668 11 11
669 11 11
670 11 11
671 11 11
672 11 11
673 11 11
674 11 11
675 11 11
676 11 11
677 11 11
678 11 11
679 11 11
680 11 11
681 11 11
682 11 11
683 11 11
684 11 11
685 11 0
686 11 0
687 11 11
688 11 11
689 11 11
690 11 11
691 11 11
692 11 0
693 11 0
694 11 0
695 11 0
696 11 11
697 11 11
698 11 11
699 11 11
700 11 11
701 11 11
702 11 11
703 11 11
704 11 0
705 11 0
706 11 0
707 11 0
708 11 0
709 11 11
710 12 12
711 12 12
712 12 12
713 12 12
714 12 12
715 12 12
716 12 12
717 12 12
718 12 12
719 12 12
720 12 12
721 12 12
722 12 12
723 12 12
724 12 12
725 12 12
726 12 12
727 12 12
728 12 12
729 12 12
730 12 12
731 12 12
732 12 12
733 12 12
734 12 12
735 12 12
736 12 12
737 12 12
738 12 12
739 12 12
740 12 12
741 12 12
742 12 12
743 12 12
744 12 12
745 12 12
746 12 12
747 12 12
748 12 12
749 12 12
750 12 12
751 12 12
752 12 12
753 12 12
754 12 12
755 13 13
756 13 13
757 13 13
758 13 13
759 13 13
760 13 13
761 13 13
762 13 13
763 13 13
764 13 13
765 13 13
766 13 13
767 13 13
768 13 13
769 13 13
770 13 13
771 13 13
772 13 13
773 13 13
774 13 13
775 13 13
776 13 13
777 13 13
778 13 13
779 13 13
780 13 13
781 13 13
782 13 13
783 13 13
784 13 13
785 13 13
786 13 13
787 13 13
788 13 13
