  2.97   1.14
  5.14   0.92
  6.73   0.76
  6.65   0.54
  9.25   0.57
  9.42   0.96
  7.14   0.78
 10.27   0.67
  8.21   0.70
 11.83   0.64
 12.07   1.01
 10.65   0.56
  9.66   0.27
  6.05   0.96
  9.35   0.55
 10.57   0.86
 13.07   0.72
 11.79   0.61
  8.78   0.73
 13.08   0.99
 12.32   0.58
  9.72   0.70
  8.33   0.79
 13.26   0.86
 13.75   0.92
 12.84   0.67
 12.61   0.46
 11.35   0.81
  8.21   0.83
 11.11   0.55
 13.07   0.55
 13.78   0.80
 14.44   0.76
 14.85   0.83
 13.43   0.65
 11.23   0.56
  6.73   0.87
 12.52   0.40
 14.09   0.70
 13.19   0.45
 14.45   0.58
 10.90   0.74
 12.22   0.40
 14.06   0.59
 15.42   0.86
 15.73   0.65
 15.60   0.45
 15.89   1.22
 15.12   0.50
 15.67   0.62
 15.14   0.60
 14.61   0.81
 13.90   0.80
 13.36   0.61
 14.30   1.08
 15.12   0.74
 14.90   0.60
 15.22   0.82
 16.05   0.70
 16.18  13.50
 15.23   0.40
 13.48   0.56
  8.50   0.99
 12.64   0.49
 10.24   0.46
 15.45   0.60
 13.06   0.55
 13.60   0.51
 10.91   0.63
  6.88   0.78
 15.84   0.52
 15.88   0.92
 15.79   0.50
 14.12   0.79
  9.67   1.10
  8.05   0.39
  5.35   1.10
 11.90   0.79
  9.50   0.63
 14.80   0.16
 14.95   0.99
 15.54   0.57
 15.56   1.09
 15.51   0.61
 15.39   0.71
 14.70   0.84
 13.57   0.60
 10.52   0.94
  6.42   0.93
  9.14   0.90
  5.67   0.99
 10.27   0.46
 11.73   0.71
 13.63   0.60
 14.61   0.72
 14.08   0.81
 15.48   1.17
 15.26   0.40
 15.25   0.49
 14.55   0.56
 12.62   0.46
 12.75   1.05
 11.98   0.56
  9.05   0.76
  7.23   0.60
  5.86   0.92
  9.96   0.73
 10.59   0.90
  7.46   0.36
  8.95   0.78
 14.07   0.81
 13.22   0.61
 11.38   0.54
 12.52   0.79
 11.46   0.67
 10.16   0.58
  9.52   0.45
  7.04   0.64
  8.64   0.86
  6.86   0.57
 15.47   0.40
 15.86   0.60
 16.05   3.76
 15.84   0.42
 15.64   0.42
 15.45   0.81
 16.03   0.42
 15.97   0.76
 14.97   0.69
 14.14   0.65
 12.85   0.54
 10.44   0.70
  9.40   0.70
 12.01   0.56
 13.75   0.63
 14.40   0.85
 14.22   0.45
 15.85   0.60
 15.21   0.51
 15.26   0.74
 14.03   0.72
 14.15   0.91
 14.02   0.72
 13.09   0.57
  9.60   0.85
  6.77   0.60
  8.34   0.99
 11.37   0.96
 13.23   0.58
 13.11   0.89
 12.75   0.57
 11.74   0.86
 11.69   0.81
 12.40   0.72
 10.96   1.05
  9.50   0.84
 10.82   0.73
  9.98   0.79
  9.03   0.39
  9.58   0.61
  8.35   0.81
  7.76   0.56
  8.45   1.16
  7.54   0.62
  5.51   0.74
  3.45   1.45
  2.38   1.09
  5.99   0.90
  4.94   0.52
  5.69   0.87
  8.82   0.46
  7.94   0.67
  9.91   0.75
  8.31   0.92
 12.76   0.43
 11.61   0.49
 11.59   0.79
  9.68   0.32
 12.93   0.81
  8.03   0.67
 11.41   0.58
  8.98   0.61
  8.47   0.55
 12.12   0.60
 13.99   0.84
 15.77   0.41
 15.52   0.11
 14.73   0.65
 13.49   0.74
 16.01   0.76
 16.60   5.97
 16.24   0.49
 14.40   0.60
 12.54   0.49
  8.89   0.50
 10.18   0.45
  9.84   0.54
 12.59   0.64
 15.13   0.78
 14.54   0.46
 12.67   0.73
 11.57   0.68
 11.19   0.54
  9.56   0.53
  8.81   0.51
  9.18   0.74
 10.68   0.68
 11.88   0.50
  9.88   0.68
  7.94   0.98
 12.20   0.65
 13.91   0.78
 13.63   0.55
  8.40   0.92
 13.64   0.67
 11.35   0.45
 12.13   0.54
  7.86   0.68
  8.17   0.76
  9.26   0.60
 13.08   0.50
 12.50   0.67
 15.18   0.54
 17.39   0.61
 15.28   0.69
 17.43   0.78
 17.00   0.53
 15.75   0.46
 17.66   0.45
 16.95   0.74
 15.36   0.74
 12.80   0.54
  8.92   0.98
  7.26   0.98
 13.94   0.49
 17.77   0.86
 19.23   0.65
 18.83   0.41
 19.13   0.78
 14.95   0.76
 14.14   0.62
 16.76   0.57
 18.36   0.67
 17.87   0.52
 19.69   0.61
 20.47   0.51
 20.24   0.32
 20.39   0.58
 20.85   0.60
 21.21   0.39
 20.20   0.34
 19.68   0.45
 19.12   0.66
 16.45   0.76
 20.87   0.51
 20.83   0.40
 21.48   0.50
 21.61   0.95
 21.59   0.66
 21.29   0.54
 21.16   0.45
 21.21   0.92
 21.22   0.64
 21.13   0.75
 20.61   0.75
 21.03   0.55
 20.82   0.43
 19.85   0.71
 19.57   0.67
 14.77   0.60
 10.39   0.63
  8.25   0.82
 12.85   0.78
 16.14   0.47
 17.61   0.41
 18.61   0.56
 20.27   0.72
 20.08   0.64
 18.42   0.67
 16.45   0.59
 11.77   0.81
  8.84   0.72
 14.26   0.57
  8.05   0.72
 12.55   0.70
 17.32   0.74
 19.64   0.35
  9.46   0.71
 12.70   0.52
 15.53   0.60
 18.09   0.60
 20.60   0.76
 20.79   0.81
 21.01   0.45
 20.99   0.71
  9.45   0.60
 10.43   0.67
 14.60   0.53
 16.98   0.27
 17.73   0.81
 19.07   0.40
 19.95   0.55
 13.58   0.71
  9.83   0.76
 14.89   0.70
 18.70   0.49
 20.02   0.63
 21.03   0.30
 21.15   0.82
 21.12   0.49
 21.04   0.49
 20.82   0.45
 20.83   0.67
 20.96   0.57
 21.36   0.74
 21.19   0.78
 20.87   0.49
 21.68   0.35
 21.70   0.39
 21.82  14.78
 21.14   0.34
 21.50   0.58
 19.83   0.51
 17.15   0.68
 15.39   0.65
 11.21   0.66
 10.96   0.66
 10.71   0.51
 14.07   0.61
 17.59   0.60
 19.32   0.25
 19.90   0.65
 18.18   0.35
 15.09   0.60
 14.70   0.35
 11.56   0.56
 10.09   0.75
 13.83   0.60
 17.32   0.74
 19.95   0.74
 21.24   0.47
 21.78   1.12
 21.73   0.29
 21.65   0.41
 21.29   0.49
 21.67   0.85
 21.34   0.39
 20.83   0.69
 20.42   0.57
 20.29   0.87
 20.73   0.45
 20.92   0.49
 20.59   0.78
 16.93   0.62
 16.59   0.30
 12.59   0.70
  9.86   0.63
 12.56   0.32
 13.21   0.79
 16.31   0.46
 17.95   0.72
 19.81   0.81
 19.58   0.46
 20.02   0.58
 20.86   0.82
 20.73   0.46
 20.28   0.57
 20.17   0.18
 21.25   0.60
 20.85   0.59
 21.05   0.39
 20.45   0.60
 20.13   0.60
 20.26   0.56
 20.06   0.60
 20.07   0.45
 20.11   0.61
 20.41   0.49
 20.79   0.41
 21.07   0.72
 21.29   0.43
 21.60   0.65
 21.62   4.59
 21.37   0.47
 20.95   0.63
 20.49   0.46
 20.58   0.63
 20.33   0.58
 20.01   0.25
 20.04   0.70
 19.91   0.78
 20.32   0.65
 19.90   0.60
 19.86   0.41
 20.17   0.78
 19.85   0.60
 18.83   0.86
 16.75   0.53
  9.21   0.45
 11.34   0.61
 13.35   0.74
 16.93   0.57
 18.62   0.55
  8.52   0.82
 13.71   0.47
 16.19   0.46
 17.34   0.73
 19.14   0.57
 19.63   0.86
 19.84   0.73
 19.78   0.56
 19.90   0.49
 20.01   0.67
 20.04   0.76
 20.08   0.99
 19.95   0.51
 19.65   0.47
 20.35   0.72
 18.93   0.64
 19.02   0.85
 18.81   0.51
 17.62   0.46
 17.24   0.49
 14.11   0.72
 13.22   0.36
 10.45   0.58
 14.14   0.78
 16.14   0.50
 17.98   0.69
 19.70   0.66
 19.92   0.79
 19.12   0.55
 18.52   0.25
 10.36   0.65
 10.36   0.16
 12.38   0.71
 13.77   0.51
 16.14   0.51
  9.13   0.71
 10.72   0.45
 13.13   0.68
 16.83   0.60
 17.63   0.50
 19.19   0.54
 18.74   0.49
 19.74   0.67
 20.25   2.62
 20.24   0.20
 20.06   0.83
 19.85   0.46
 19.88   0.68
 19.71   0.68
 19.62   0.57
 18.49   0.25
 18.87   0.66
 18.66   0.41
 17.90   0.39
 18.82   0.69
 18.93   0.55
 17.25   0.65
 17.62   0.52
 15.79   0.43
 14.48   0.75
  7.68   1.07
 11.46   0.74
  8.36   0.65
 12.28   0.25
 12.67   0.89
 10.68   0.81
  7.39   0.67
 15.49   0.71
 14.06   0.61
 13.61   0.46
 15.20   0.85
 14.61   0.60
 10.34   0.70
  8.02   0.90
  7.41   0.72
  9.22   0.68
  7.02   0.61
  9.09   0.72
  7.10   0.92
  6.67   0.57
  8.83   0.99
  7.07   0.71
  8.57   0.75
  6.93   0.92
 11.46   0.76
 10.90   0.66
 11.74   0.90
 11.72   0.78
 13.16   0.64
 13.78   0.91
 11.45   0.81
 12.49   0.43
 11.01   0.43
 12.42   0.81
 13.49   0.63
 13.98   0.71
 12.29   0.85
 10.30   0.57
  6.74   0.78
  9.08   0.43
 10.46   0.68
  5.99   0.76
  9.43   0.90
  8.82   0.81
 12.58   0.97
 14.21   1.68
 14.16   0.51
 14.17   0.90
 13.55   0.84
 13.16   0.71
 13.66   0.89
 13.15   0.61
 12.94   0.94
 11.19   0.46
  9.18   0.52
 12.51   0.67
  8.36   0.75
 11.98   0.51
 13.56   0.92
 14.19   0.73
 13.69   0.85
 14.08   0.70
 14.32   1.17
 14.28   0.46
 14.00   0.51
 13.01   0.60
 12.29   0.72
 10.14   0.62
  7.38   0.67
 11.14   0.67
 13.30   0.65
  8.51   0.47
  9.07   0.90
 12.85   0.39
 14.43   1.91
 13.30   0.83
 14.32   0.63
 14.19   0.61
 14.34   0.74
 14.32   0.63
 14.90   0.74
 14.55   0.92
 14.94   0.55
 12.46   0.74
 10.97   0.61
 12.69   0.85
 11.39   0.28
  8.79   0.50
 12.56   0.63
 15.35   0.78
 15.11   0.42
 15.19   0.63
 15.38   6.25
 14.47   0.68
 14.18   0.20
 10.38   0.70
 11.55   0.71
 12.46   0.49
 12.11   0.41
 13.51   0.65
 14.72   0.64
 12.87   0.83
 14.15   0.89
 12.94   0.67
 13.56   0.72
 11.57   0.60
  8.19   0.72
 10.46   0.91
  7.67   0.63
  9.81   0.50
 11.67   0.40
  8.07   0.92
 12.06   0.84
 10.63   0.50
 10.33   0.51
  8.96   0.45
  7.74   0.55
  7.61   0.50
  8.17   0.61
  9.47   0.62
 11.76   0.36
 13.15   0.27
 14.14   0.66
 12.33   0.45
 14.15   0.92
 10.83   0.43
 13.19   0.60
 10.47   0.72
 10.63   0.50
 13.32   0.50
 13.96   0.78
 12.84   0.27
  9.66   0.79
  7.46   0.83
 13.23   0.60
 15.10   0.34
 16.09   0.60
 17.37   0.68
 16.41   0.55
 17.55   0.51
 17.91   0.85
 17.36   0.60
 16.25   0.47
 13.38   0.72
 10.83   0.51
  9.79   0.65
 12.07   0.57
 14.93   0.81
 17.62   0.39
 17.41   0.22
 18.04  14.78
 17.86   0.83
 17.76   0.52
 17.16   0.63
 16.62   0.50
 16.44   0.53
 15.71   0.71
 14.31   0.81
 11.65   0.60
  9.47   0.45
 13.13   0.70
 14.89   0.54
 15.42   0.60
 14.56   0.66
 12.82   0.79
  9.82   0.70
  8.63   0.65
  7.59   0.81
 14.15   0.25
 14.57   0.58
 15.20   0.74
 15.44   0.88
 16.03   0.73
 15.82   0.50
 16.28   0.53
 16.66   0.62
 17.02   0.68
 17.23   0.78
 17.33   1.08
 17.19   0.40
 15.87   0.76
 12.17   0.83
  9.00   0.54
 11.05   0.74
 15.50   0.60
 14.19   0.56
  9.36   0.74
  8.17   0.85
 12.93   0.71
 16.65   0.60
 16.70   0.90
 15.32   0.63
 11.96   0.73
 15.04   0.45
 15.84   0.50
 16.63   0.54
  8.94   0.65
 11.71   0.63
 12.15   0.85
 10.16   0.49
  7.26   0.71
 11.13   0.81
 13.83   0.79
 15.71   0.94
 15.65   0.53
 15.66   1.03
 15.41   0.74
 15.27   0.65
 14.76   0.65
 14.60   0.15
 10.48   0.60
 10.45   0.65
 13.31   0.70
 14.24   0.93
 15.14   0.78
 14.90   0.35
 15.11   0.75
 14.72   0.76
 14.38   0.54
 12.52   0.58
 10.23   0.67
  8.39   0.73
  7.85   0.56
 12.40   0.74
 11.97   0.52
 13.30   0.90
 11.32   0.76
  9.78   0.70
  8.56   0.27
  7.30   0.61
  8.70   0.85
  6.87   0.85
  9.37   0.68
 11.53   0.51
 12.76   0.73
 13.91   0.75
 14.01   0.92
 12.40   0.92
 12.65   0.89
 10.64   0.78
  8.53   0.57
  6.02   0.61
  8.54   1.01
  8.59   0.71
  6.38   0.47
 12.15   0.70
  7.63   0.67
  7.38   1.01
  7.23   0.51
  8.61   0.60
  7.18   0.34
  8.62   0.65
 11.32   0.74
 11.25   0.76
 10.90   0.47
 12.34   0.90
 11.21   0.51
 13.28   0.50
 14.60   0.50
 14.84   0.38
 15.15   1.16
 14.27   0.56
 11.43   0.92
  9.52   0.55
  4.99   0.99
 12.71   1.01
 10.90   0.45
  7.86   0.95
  6.60   0.64
  7.68   0.71
 10.03   0.86
 13.92   0.25
 14.44   0.67
 14.45   0.74
 11.69   0.80
  9.78   0.66
  7.00   0.96
  5.08   0.94
 11.84   0.78
 14.25   0.46
 15.20   9.17
 14.64   0.41
 10.31   0.32
 11.83   0.76
  8.18   0.75
 13.23   0.65
  7.77   0.73
  6.02   0.57
  8.59   0.72
  9.58   0.29
 10.60   0.61
  9.80   0.59
 11.24   0.53
 13.76   0.64
 13.96   0.67
 13.83   0.58
 11.35   0.45
 12.26   0.32
 14.43   0.55
 17.56   0.56
 17.99   0.20
 18.68   0.55
 10.16   0.72
 15.65   0.64
 18.74   0.35
 19.30   6.83
 19.22   0.27
 17.31   0.47
 12.32   0.63
 12.24   0.34
 14.88   0.46
 11.34   0.47
 14.18   0.64
 12.32   0.29
 12.56   0.51
 17.45   0.64
 16.61   0.67
 12.39   0.43
 15.19   0.52
 17.90   0.50
 14.86   0.59
 11.49   0.65
 10.14   0.50
 13.13   0.36
 12.40   0.45
